$GPGGA,225305.072,6451.3765,N,14749.1881,W,1,07,1.2,178.4,M,4.8,M,0.0,0000*5A
$GPGSA,A,3,28,08,18,11,15,30,20,,,,,,2.3,1.2,2.0*3C
$GPRMC,225305.072,A,6451.3765,N,14749.1881,W,0.00,,300317,,*01
$GPGGA,225306.072,6451.3764,N,14749.1883,W,1,07,1.2,177.4,M,4.8,M,0.0,0000*55
$GPGSA,A,3,28,08,18,11,15,30,20,,,,,,2.3,1.2,2.0*3C
$GPRMC,225306.072,A,6451.3764,N,14749.1883,W,0.00,,300317,,*01
$GPGGA,225307.072,6451.3762,N,14749.1884,W,1,07,1.2,176.7,M,4.8,M,0.0,0000*57
$GPGSA,A,3,28,08,18,11,15,30,20,,,,,,2.3,1.2,2.0*3C
$GPGSV,3,1,12,28,67,126,35,13,62,219,38,15,46,280,46,30,42,109,33*74
$GPGSV,3,2,12,08,22,034,43,18,20,328,38,06,18,033,00,20,18,257,32*7F
$GPGSV,3,3,12,11,17,073,39,17,12,153,00,10,08,354,00,24,08,275,*75
$GPRMC,225307.072,A,6451.3762,N,14749.1884,W,0.00,,300317,,*01